42.639    74.494    1645    30
37.9304    58.1189    678    7
-19.018    47.229    1528    5.3
82.5033    -62.35    60    0
56.4302    58.5625    250    0
-7.9327    -14.3601    173    100
48.3319    8.3311    589    0
64.7474    -21.3268    110    95
53.0581    70.2828    330    15
37.7637    -25.5243    429    7
-12.1901    96.8349    1    70
-7.4121    72.4525    1    2
-51.6753    -58.0637    110    80
42.015    143.1572    40    0
55.3167    -3.205    242    0
54.725    -101.9783    338    0
39    70.3167    1300    0
-54.2836    -36.4879    20    0
10.2908    -84.9525    340    0
-5.0142    119.7517    300    100
57.7828    -152.5835    152    5.5
43.9562    42.6888    1210    0
50.7154    78.6202    184    25
8.8019    167.613    0    0
67.8979    34.6514    630    200
-0.6019    30.7382    1390    100
-4.6737    55.4792    475    91
-17.7448    178.0528    801.1    100
33.6506    73.2686    629    68
-11.9875    -76.8422    575    40
69.5049    88.4414    92    506
54.8404    83.2346    150    0
55.1146    36.5674    160    30
7.2728    80.7022    460    90
23.5225    45.5032    631    2
-27.1267    -109.3344    110    0
14.9702    -23.6085    387    97
-15.9588    -5.7457    537    60
-32.3797    20.8117    1770    0
-42.9099    147.3204    132    0
51.6807    103.6438    579    20
24.9453    56.2042    284.4    0
-19.9336    134.36    366    100
33.6107    -116.4555    1280    0
9.0292    38.7656    2442    0
51.8823    -176.6842    130    0
-13.9093    -171.7773    705    1
34.9459    -106.4572    1720    100
39.868    32.7934    895    195
32.3713    -64.6963    -1.3    31.4
68.0653    166.4531    320    0
4.5869    -74.0432    3137    23
-66.2792    110.5354    5    5
38.0557    -91.2446    171    51
18.8141    98.9443    420    0
64.8736    -147.8616    200    0
44.5855    -123.3046    110    0
-20.0882    146.2545    320    37
7.0697    125.5791    149    1
28.1103    -81.4327    -132    162
-8.5259    179.1966    19    1
8.8952    38.6798    2565    5
40.148    44.741    1509    100
49.6909    11.2203    384    116
13.5893    144.8684    61    109
29.9618    -95.8384    -413    450
-9.4387    159.9475    0    100
42.5064    -71.5583    200    0
37.4776    126.6239    79    1
16.7329    -169.5292    -37    39
78.9154    11.9385    90    3
69.7565    27.0035    85    15
50.7012    29.2242    140    40
21.4233    -158.015    37    33
-1.1271    37.2525    1930    20
-2.7744    -171.7186    18    2
59.6491    9.5982    216    340
14.4967    -4.014    316    5
-29.011    -70.7004    2300    0
-15.2779    28.1882    1200    0
-22.6127    -68.9111    2930    30
59.5756    150.77    337    2
36.5457    138.2041    405    0
46.808    81.977    590    10
-21.159    119.7313    181    9
28.2155    -177.3697    17.8    1
-1.6557    13.6116    287    25
-1.2739    36.8037    1692    0
-32.9277    117.239    370.9    9.1
0.2376    -78.4508    3495    15
39.5446    -4.3499    950    0
-0.6742    -90.2861    170    100
53.0233    158.6499    105    5
-9.4047    147.1597    90    0
-64.7744    -64.0489    40    0
19.7573    -155.5326    1910    80
-25.0713    -130.0953    218    2
-0.7308    -59.9666    141    96
-89.9289    144.4382    2847    3
46.0403    -122.8851    11    0
-29.245    -177.929    59.5    0.5
-21.2125    -159.7733    -72    100
-5.8274    -35.9014    291    109
44.1212    -104.0359    2022.7    67.3
-8.9489    -63.1831    120    0
-77.8492    166.7572    48    2
8.8839    -70.634    1588    32
66.9961    -50.6208    329    1
18.1091    -66.15    420    0
23.6858    -109.9443    825    0
-41.3087    174.7043    20    100
40.6358    -77.8876    170    100
1.3549    172.9229    19    1
24.9735    121.4971    77.1    82.9
28.6794    -17.9145    180    40
20.2263    -88.2763    15    25
71.6341    128.8667    40    0
39.8814    -4.0485    480    0
-37.0681    -12.3152    58    2
-38.0568    -61.9787    439    101
-19.2022    17.5838    1260    0
32.3098    -110.7847    909    1
47.8651    107.0532    1610    0
19.2834    166.652    19    1
38.2289    -86.2939    78    132
36.1297    -87.83    170    0
2.0448    -157.4457    19    1
62.031    129.6805    110    14
46.9587    142.7604    148    2
